Iteration No		x1			x2			x3			Error
1		0.49987			0.01965			-0.51559			4.155875E-001
2		0.50001			0.00188			-0.51762			1.776721E-002
3		0.50000			0.00038			-0.51675			1.504569E-003
4		0.50000			0.00037			-0.51668			7.637997E-005
5		0.50000			0.00037			-0.51668			3.672861E-007
6		0.50000			0.00037			-0.51668			9.843057E-010
7		0.50000			0.00037			-0.51668			2.660897E-012
8		0.50000			0.00037			-0.51668			7.203190E-015
9		0.50000			0.00037			-0.51668			1.771898E-016
10		0.50000			0.00037			-0.51668			8.859492E-017
11		0.50000			0.00037			-0.51668			1.367416E-017
12		0.50000			0.00037			-0.51668			0.000000E+000
13		0.50000			0.00037			-0.51668			0.000000E+000
14		0.50000			0.00037			-0.51668			0.000000E+000
15		0.50000			0.00037			-0.51668			0.000000E+000
16		0.50000			0.00037			-0.51668			0.000000E+000
17		0.50000			0.00037			-0.51668			0.000000E+000
18		0.50000			0.00037			-0.51668			0.000000E+000
19		0.50000			0.00037			-0.51668			0.000000E+000
20		0.50000			0.00037			-0.51668			0.000000E+000
21		0.50000			0.00037			-0.51668			0.000000E+000
22		0.50000			0.00037			-0.51668			0.000000E+000
23		0.50000			0.00037			-0.51668			0.000000E+000
24		0.50000			0.00037			-0.51668			0.000000E+000
25		0.50000			0.00037			-0.51668			0.000000E+000
26		0.50000			0.00037			-0.51668			0.000000E+000
27		0.50000			0.00037			-0.51668			0.000000E+000
28		0.50000			0.00037			-0.51668			0.000000E+000
29		0.50000			0.00037			-0.51668			0.000000E+000
30		0.50000			0.00037			-0.51668			0.000000E+000
31		0.50000			0.00037			-0.51668			0.000000E+000
32		0.50000			0.00037			-0.51668			0.000000E+000
33		0.50000			0.00037			-0.51668			0.000000E+000
34		0.50000			0.00037			-0.51668			0.000000E+000
35		0.50000			0.00037			-0.51668			0.000000E+000
36		0.50000			0.00037			-0.51668			0.000000E+000
37		0.50000			0.00037			-0.51668			0.000000E+000
38		0.50000			0.00037			-0.51668			0.000000E+000
39		0.50000			0.00037			-0.51668			0.000000E+000
40		0.50000			0.00037			-0.51668			0.000000E+000
41		0.50000			0.00037			-0.51668			0.000000E+000
42		0.50000			0.00037			-0.51668			0.000000E+000
43		0.50000			0.00037			-0.51668			0.000000E+000
44		0.50000			0.00037			-0.51668			0.000000E+000
45		0.50000			0.00037			-0.51668			0.000000E+000
46		0.50000			0.00037			-0.51668			0.000000E+000
47		0.50000			0.00037			-0.51668			0.000000E+000
48		0.50000			0.00037			-0.51668			0.000000E+000
49		0.50000			0.00037			-0.51668			0.000000E+000
50		0.50000			0.00037			-0.51668			0.000000E+000
51		0.50000			0.00037			-0.51668			0.000000E+000
52		0.50000			0.00037			-0.51668			0.000000E+000
53		0.50000			0.00037			-0.51668			0.000000E+000
54		0.50000			0.00037			-0.51668			0.000000E+000
55		0.50000			0.00037			-0.51668			0.000000E+000
56		0.50000			0.00037			-0.51668			0.000000E+000
57		0.50000			0.00037			-0.51668			0.000000E+000
58		0.50000			0.00037			-0.51668			0.000000E+000
59		0.50000			0.00037			-0.51668			0.000000E+000
60		0.50000			0.00037			-0.51668			0.000000E+000
61		0.50000			0.00037			-0.51668			0.000000E+000
62		0.50000			0.00037			-0.51668			0.000000E+000
63		0.50000			0.00037			-0.51668			0.000000E+000
64		0.50000			0.00037			-0.51668			0.000000E+000
65		0.50000			0.00037			-0.51668			0.000000E+000
66		0.50000			0.00037			-0.51668			0.000000E+000
67		0.50000			0.00037			-0.51668			0.000000E+000
68		0.50000			0.00037			-0.51668			0.000000E+000
69		0.50000			0.00037			-0.51668			0.000000E+000
70		0.50000			0.00037			-0.51668			0.000000E+000
71		0.50000			0.00037			-0.51668			0.000000E+000
72		0.50000			0.00037			-0.51668			0.000000E+000
73		0.50000			0.00037			-0.51668			0.000000E+000
74		0.50000			0.00037			-0.51668			0.000000E+000
75		0.50000			0.00037			-0.51668			0.000000E+000
76		0.50000			0.00037			-0.51668			0.000000E+000
77		0.50000			0.00037			-0.51668			0.000000E+000
78		0.50000			0.00037			-0.51668			0.000000E+000
79		0.50000			0.00037			-0.51668			0.000000E+000
80		0.50000			0.00037			-0.51668			0.000000E+000
81		0.50000			0.00037			-0.51668			0.000000E+000
82		0.50000			0.00037			-0.51668			0.000000E+000
83		0.50000			0.00037			-0.51668			0.000000E+000
84		0.50000			0.00037			-0.51668			0.000000E+000
85		0.50000			0.00037			-0.51668			0.000000E+000
86		0.50000			0.00037			-0.51668			0.000000E+000
87		0.50000			0.00037			-0.51668			0.000000E+000
88		0.50000			0.00037			-0.51668			0.000000E+000
89		0.50000			0.00037			-0.51668			0.000000E+000
90		0.50000			0.00037			-0.51668			0.000000E+000
91		0.50000			0.00037			-0.51668			0.000000E+000
92		0.50000			0.00037			-0.51668			0.000000E+000
93		0.50000			0.00037			-0.51668			0.000000E+000
94		0.50000			0.00037			-0.51668			0.000000E+000
95		0.50000			0.00037			-0.51668			0.000000E+000
96		0.50000			0.00037			-0.51668			0.000000E+000
97		0.50000			0.00037			-0.51668			0.000000E+000
98		0.50000			0.00037			-0.51668			0.000000E+000
99		0.50000			0.00037			-0.51668			0.000000E+000
100		0.50000			0.00037			-0.51668			0.000000E+000
101		0.50000			0.00037			-0.51668			0.000000E+000
102		0.50000			0.00037			-0.51668			0.000000E+000
103		0.50000			0.00037			-0.51668			0.000000E+000
104		0.50000			0.00037			-0.51668			0.000000E+000
105		0.50000			0.00037			-0.51668			0.000000E+000
106		0.50000			0.00037			-0.51668			0.000000E+000
107		0.50000			0.00037			-0.51668			0.000000E+000
108		0.50000			0.00037			-0.51668			0.000000E+000
109		0.50000			0.00037			-0.51668			0.000000E+000
110		0.50000			0.00037			-0.51668			0.000000E+000
111		0.50000			0.00037			-0.51668			0.000000E+000
112		0.50000			0.00037			-0.51668			0.000000E+000
113		0.50000			0.00037			-0.51668			0.000000E+000
114		0.50000			0.00037			-0.51668			0.000000E+000
115		0.50000			0.00037			-0.51668			0.000000E+000
116		0.50000			0.00037			-0.51668			0.000000E+000
117		0.50000			0.00037			-0.51668			0.000000E+000
118		0.50000			0.00037			-0.51668			0.000000E+000
119		0.50000			0.00037			-0.51668			0.000000E+000
120		0.50000			0.00037			-0.51668			0.000000E+000
121		0.50000			0.00037			-0.51668			0.000000E+000
122		0.50000			0.00037			-0.51668			0.000000E+000
123		0.50000			0.00037			-0.51668			0.000000E+000
124		0.50000			0.00037			-0.51668			0.000000E+000
125		0.50000			0.00037			-0.51668			0.000000E+000
126		0.50000			0.00037			-0.51668			0.000000E+000
127		0.50000			0.00037			-0.51668			0.000000E+000
128		0.50000			0.00037			-0.51668			0.000000E+000
129		0.50000			0.00037			-0.51668			0.000000E+000
130		0.50000			0.00037			-0.51668			0.000000E+000
131		0.50000			0.00037			-0.51668			0.000000E+000
132		0.50000			0.00037			-0.51668			0.000000E+000
133		0.50000			0.00037			-0.51668			0.000000E+000
134		0.50000			0.00037			-0.51668			0.000000E+000
135		0.50000			0.00037			-0.51668			0.000000E+000
136		0.50000			0.00037			-0.51668			0.000000E+000
137		0.50000			0.00037			-0.51668			0.000000E+000
138		0.50000			0.00037			-0.51668			0.000000E+000
139		0.50000			0.00037			-0.51668			0.000000E+000
140		0.50000			0.00037			-0.51668			0.000000E+000
141		0.50000			0.00037			-0.51668			0.000000E+000
142		0.50000			0.00037			-0.51668			0.000000E+000
143		0.50000			0.00037			-0.51668			0.000000E+000
144		0.50000			0.00037			-0.51668			0.000000E+000
145		0.50000			0.00037			-0.51668			0.000000E+000
146		0.50000			0.00037			-0.51668			0.000000E+000
147		0.50000			0.00037			-0.51668			0.000000E+000
148		0.50000			0.00037			-0.51668			0.000000E+000
149		0.50000			0.00037			-0.51668			0.000000E+000
150		0.50000			0.00037			-0.51668			0.000000E+000
151		0.50000			0.00037			-0.51668			0.000000E+000
152		0.50000			0.00037			-0.51668			0.000000E+000
153		0.50000			0.00037			-0.51668			0.000000E+000
154		0.50000			0.00037			-0.51668			0.000000E+000
155		0.50000			0.00037			-0.51668			0.000000E+000
156		0.50000			0.00037			-0.51668			0.000000E+000
157		0.50000			0.00037			-0.51668			0.000000E+000
158		0.50000			0.00037			-0.51668			0.000000E+000
159		0.50000			0.00037			-0.51668			0.000000E+000
160		0.50000			0.00037			-0.51668			0.000000E+000
161		0.50000			0.00037			-0.51668			0.000000E+000
162		0.50000			0.00037			-0.51668			0.000000E+000
163		0.50000			0.00037			-0.51668			0.000000E+000
164		0.50000			0.00037			-0.51668			0.000000E+000
165		0.50000			0.00037			-0.51668			0.000000E+000
166		0.50000			0.00037			-0.51668			0.000000E+000
167		0.50000			0.00037			-0.51668			0.000000E+000
168		0.50000			0.00037			-0.51668			0.000000E+000
169		0.50000			0.00037			-0.51668			0.000000E+000
170		0.50000			0.00037			-0.51668			0.000000E+000
171		0.50000			0.00037			-0.51668			0.000000E+000
172		0.50000			0.00037			-0.51668			0.000000E+000
173		0.50000			0.00037			-0.51668			0.000000E+000
174		0.50000			0.00037			-0.51668			0.000000E+000
175		0.50000			0.00037			-0.51668			0.000000E+000
176		0.50000			0.00037			-0.51668			0.000000E+000
177		0.50000			0.00037			-0.51668			0.000000E+000
178		0.50000			0.00037			-0.51668			0.000000E+000
179		0.50000			0.00037			-0.51668			0.000000E+000
180		0.50000			0.00037			-0.51668			0.000000E+000
181		0.50000			0.00037			-0.51668			0.000000E+000
182		0.50000			0.00037			-0.51668			0.000000E+000
183		0.50000			0.00037			-0.51668			0.000000E+000
184		0.50000			0.00037			-0.51668			0.000000E+000
185		0.50000			0.00037			-0.51668			0.000000E+000
186		0.50000			0.00037			-0.51668			0.000000E+000
187		0.50000			0.00037			-0.51668			0.000000E+000
188		0.50000			0.00037			-0.51668			0.000000E+000
189		0.50000			0.00037			-0.51668			0.000000E+000
190		0.50000			0.00037			-0.51668			0.000000E+000
191		0.50000			0.00037			-0.51668			0.000000E+000
192		0.50000			0.00037			-0.51668			0.000000E+000
193		0.50000			0.00037			-0.51668			0.000000E+000
194		0.50000			0.00037			-0.51668			0.000000E+000
195		0.50000			0.00037			-0.51668			0.000000E+000
196		0.50000			0.00037			-0.51668			0.000000E+000
197		0.50000			0.00037			-0.51668			0.000000E+000
198		0.50000			0.00037			-0.51668			0.000000E+000
199		0.50000			0.00037			-0.51668			0.000000E+000
200		0.50000			0.00037			-0.51668			0.000000E+000
201		0.50000			0.00037			-0.51668			0.000000E+000
202		0.50000			0.00037			-0.51668			0.000000E+000
203		0.50000			0.00037			-0.51668			0.000000E+000
204		0.50000			0.00037			-0.51668			0.000000E+000
205		0.50000			0.00037			-0.51668			0.000000E+000
206		0.50000			0.00037			-0.51668			0.000000E+000
207		0.50000			0.00037			-0.51668			0.000000E+000
208		0.50000			0.00037			-0.51668			0.000000E+000
209		0.50000			0.00037			-0.51668			0.000000E+000
210		0.50000			0.00037			-0.51668			0.000000E+000
211		0.50000			0.00037			-0.51668			0.000000E+000
212		0.50000			0.00037			-0.51668			0.000000E+000
213		0.50000			0.00037			-0.51668			0.000000E+000
214		0.50000			0.00037			-0.51668			0.000000E+000
215		0.50000			0.00037			-0.51668			0.000000E+000
216		0.50000			0.00037			-0.51668			0.000000E+000
217		0.50000			0.00037			-0.51668			0.000000E+000
218		0.50000			0.00037			-0.51668			0.000000E+000
219		0.50000			0.00037			-0.51668			0.000000E+000
220		0.50000			0.00037			-0.51668			0.000000E+000
221		0.50000			0.00037			-0.51668			0.000000E+000
222		0.50000			0.00037			-0.51668			0.000000E+000
223		0.50000			0.00037			-0.51668			0.000000E+000
224		0.50000			0.00037			-0.51668			0.000000E+000
225		0.50000			0.00037			-0.51668			0.000000E+000
226		0.50000			0.00037			-0.51668			0.000000E+000
227		0.50000			0.00037			-0.51668			0.000000E+000
228		0.50000			0.00037			-0.51668			0.000000E+000
229		0.50000			0.00037			-0.51668			0.000000E+000
230		0.50000			0.00037			-0.51668			0.000000E+000
231		0.50000			0.00037			-0.51668			0.000000E+000
232		0.50000			0.00037			-0.51668			0.000000E+000
233		0.50000			0.00037			-0.51668			0.000000E+000
234		0.50000			0.00037			-0.51668			0.000000E+000
235		0.50000			0.00037			-0.51668			0.000000E+000
236		0.50000			0.00037			-0.51668			0.000000E+000
237		0.50000			0.00037			-0.51668			0.000000E+000
238		0.50000			0.00037			-0.51668			0.000000E+000
239		0.50000			0.00037			-0.51668			0.000000E+000
240		0.50000			0.00037			-0.51668			0.000000E+000
241		0.50000			0.00037			-0.51668			0.000000E+000
242		0.50000			0.00037			-0.51668			0.000000E+000
243		0.50000			0.00037			-0.51668			0.000000E+000
244		0.50000			0.00037			-0.51668			0.000000E+000
245		0.50000			0.00037			-0.51668			0.000000E+000
246		0.50000			0.00037			-0.51668			0.000000E+000
247		0.50000			0.00037			-0.51668			0.000000E+000
248		0.50000			0.00037			-0.51668			0.000000E+000
249		0.50000			0.00037			-0.51668			0.000000E+000
250		0.50000			0.00037			-0.51668			0.000000E+000
251		0.50000			0.00037			-0.51668			0.000000E+000
252		0.50000			0.00037			-0.51668			0.000000E+000
253		0.50000			0.00037			-0.51668			0.000000E+000
254		0.50000			0.00037			-0.51668			0.000000E+000
255		0.50000			0.00037			-0.51668			0.000000E+000
256		0.50000			0.00037			-0.51668			0.000000E+000
257		0.50000			0.00037			-0.51668			0.000000E+000
258		0.50000			0.00037			-0.51668			0.000000E+000
259		0.50000			0.00037			-0.51668			0.000000E+000
260		0.50000			0.00037			-0.51668			0.000000E+000
261		0.50000			0.00037			-0.51668			0.000000E+000
262		0.50000			0.00037			-0.51668			0.000000E+000
263		0.50000			0.00037			-0.51668			0.000000E+000
264		0.50000			0.00037			-0.51668			0.000000E+000
265		0.50000			0.00037			-0.51668			0.000000E+000
266		0.50000			0.00037			-0.51668			0.000000E+000
267		0.50000			0.00037			-0.51668			0.000000E+000
268		0.50000			0.00037			-0.51668			0.000000E+000
269		0.50000			0.00037			-0.51668			0.000000E+000
270		0.50000			0.00037			-0.51668			0.000000E+000
271		0.50000			0.00037			-0.51668			0.000000E+000
272		0.50000			0.00037			-0.51668			0.000000E+000
273		0.50000			0.00037			-0.51668			0.000000E+000
274		0.50000			0.00037			-0.51668			0.000000E+000
275		0.50000			0.00037			-0.51668			0.000000E+000
276		0.50000			0.00037			-0.51668			0.000000E+000
277		0.50000			0.00037			-0.51668			0.000000E+000
278		0.50000			0.00037			-0.51668			0.000000E+000
279		0.50000			0.00037			-0.51668			0.000000E+000
280		0.50000			0.00037			-0.51668			0.000000E+000
281		0.50000			0.00037			-0.51668			0.000000E+000
282		0.50000			0.00037			-0.51668			0.000000E+000
283		0.50000			0.00037			-0.51668			0.000000E+000
284		0.50000			0.00037			-0.51668			0.000000E+000
285		0.50000			0.00037			-0.51668			0.000000E+000
286		0.50000			0.00037			-0.51668			0.000000E+000
287		0.50000			0.00037			-0.51668			0.000000E+000
288		0.50000			0.00037			-0.51668			0.000000E+000
289		0.50000			0.00037			-0.51668			0.000000E+000
290		0.50000			0.00037			-0.51668			0.000000E+000
291		0.50000			0.00037			-0.51668			0.000000E+000
292		0.50000			0.00037			-0.51668			0.000000E+000
293		0.50000			0.00037			-0.51668			0.000000E+000
294		0.50000			0.00037			-0.51668			0.000000E+000
295		0.50000			0.00037			-0.51668			0.000000E+000
296		0.50000			0.00037			-0.51668			0.000000E+000
297		0.50000			0.00037			-0.51668			0.000000E+000
298		0.50000			0.00037			-0.51668			0.000000E+000
299		0.50000			0.00037			-0.51668			0.000000E+000
300		0.50000			0.00037			-0.51668			0.000000E+000
301		0.50000			0.00037			-0.51668			0.000000E+000
302		0.50000			0.00037			-0.51668			0.000000E+000
303		0.50000			0.00037			-0.51668			0.000000E+000
304		0.50000			0.00037			-0.51668			0.000000E+000
305		0.50000			0.00037			-0.51668			0.000000E+000
306		0.50000			0.00037			-0.51668			0.000000E+000
307		0.50000			0.00037			-0.51668			0.000000E+000
308		0.50000			0.00037			-0.51668			0.000000E+000
309		0.50000			0.00037			-0.51668			0.000000E+000
310		0.50000			0.00037			-0.51668			0.000000E+000
311		0.50000			0.00037			-0.51668			0.000000E+000
312		0.50000			0.00037			-0.51668			0.000000E+000
313		0.50000			0.00037			-0.51668			0.000000E+000
314		0.50000			0.00037			-0.51668			0.000000E+000
315		0.50000			0.00037			-0.51668			0.000000E+000
316		0.50000			0.00037			-0.51668			0.000000E+000
317		0.50000			0.00037			-0.51668			0.000000E+000
318		0.50000			0.00037			-0.51668			0.000000E+000
319		0.50000			0.00037			-0.51668			0.000000E+000
320		0.50000			0.00037			-0.51668			0.000000E+000
321		0.50000			0.00037			-0.51668			0.000000E+000
322		0.50000			0.00037			-0.51668			0.000000E+000
323		0.50000			0.00037			-0.51668			0.000000E+000
324		0.50000			0.00037			-0.51668			0.000000E+000
325		0.50000			0.00037			-0.51668			0.000000E+000
326		0.50000			0.00037			-0.51668			0.000000E+000
327		0.50000			0.00037			-0.51668			0.000000E+000
328		0.50000			0.00037			-0.51668			0.000000E+000
329		0.50000			0.00037			-0.51668			0.000000E+000
330		0.50000			0.00037			-0.51668			0.000000E+000
331		0.50000			0.00037			-0.51668			0.000000E+000
332		0.50000			0.00037			-0.51668			0.000000E+000
333		0.50000			0.00037			-0.51668			0.000000E+000
334		0.50000			0.00037			-0.51668			0.000000E+000
335		0.50000			0.00037			-0.51668			0.000000E+000
336		0.50000			0.00037			-0.51668			0.000000E+000
337		0.50000			0.00037			-0.51668			0.000000E+000
338		0.50000			0.00037			-0.51668			0.000000E+000
339		0.50000			0.00037			-0.51668			0.000000E+000
340		0.50000			0.00037			-0.51668			0.000000E+000
341		0.50000			0.00037			-0.51668			0.000000E+000
342		0.50000			0.00037			-0.51668			0.000000E+000
343		0.50000			0.00037			-0.51668			0.000000E+000
344		0.50000			0.00037			-0.51668			0.000000E+000
345		0.50000			0.00037			-0.51668			0.000000E+000
346		0.50000			0.00037			-0.51668			0.000000E+000
347		0.50000			0.00037			-0.51668			0.000000E+000
348		0.50000			0.00037			-0.51668			0.000000E+000
349		0.50000			0.00037			-0.51668			0.000000E+000
350		0.50000			0.00037			-0.51668			0.000000E+000
351		0.50000			0.00037			-0.51668			0.000000E+000
352		0.50000			0.00037			-0.51668			0.000000E+000
353		0.50000			0.00037			-0.51668			0.000000E+000
354		0.50000			0.00037			-0.51668			0.000000E+000
355		0.50000			0.00037			-0.51668			0.000000E+000
356		0.50000			0.00037			-0.51668			0.000000E+000
357		0.50000			0.00037			-0.51668			0.000000E+000
358		0.50000			0.00037			-0.51668			0.000000E+000
359		0.50000			0.00037			-0.51668			0.000000E+000
360		0.50000			0.00037			-0.51668			0.000000E+000
361		0.50000			0.00037			-0.51668			0.000000E+000
362		0.50000			0.00037			-0.51668			0.000000E+000
363		0.50000			0.00037			-0.51668			0.000000E+000
364		0.50000			0.00037			-0.51668			0.000000E+000
365		0.50000			0.00037			-0.51668			0.000000E+000
366		0.50000			0.00037			-0.51668			0.000000E+000
367		0.50000			0.00037			-0.51668			0.000000E+000
368		0.50000			0.00037			-0.51668			0.000000E+000
369		0.50000			0.00037			-0.51668			0.000000E+000
370		0.50000			0.00037			-0.51668			0.000000E+000
371		0.50000			0.00037			-0.51668			0.000000E+000
372		0.50000			0.00037			-0.51668			0.000000E+000
373		0.50000			0.00037			-0.51668			0.000000E+000
374		0.50000			0.00037			-0.51668			0.000000E+000
375		0.50000			0.00037			-0.51668			0.000000E+000
376		0.50000			0.00037			-0.51668			0.000000E+000
377		0.50000			0.00037			-0.51668			0.000000E+000
378		0.50000			0.00037			-0.51668			0.000000E+000
379		0.50000			0.00037			-0.51668			0.000000E+000
380		0.50000			0.00037			-0.51668			0.000000E+000
381		0.50000			0.00037			-0.51668			0.000000E+000
382		0.50000			0.00037			-0.51668			0.000000E+000
383		0.50000			0.00037			-0.51668			0.000000E+000
384		0.50000			0.00037			-0.51668			0.000000E+000
385		0.50000			0.00037			-0.51668			0.000000E+000
386		0.50000			0.00037			-0.51668			0.000000E+000
387		0.50000			0.00037			-0.51668			0.000000E+000
388		0.50000			0.00037			-0.51668			0.000000E+000
389		0.50000			0.00037			-0.51668			0.000000E+000
390		0.50000			0.00037			-0.51668			0.000000E+000
391		0.50000			0.00037			-0.51668			0.000000E+000
392		0.50000			0.00037			-0.51668			0.000000E+000
393		0.50000			0.00037			-0.51668			0.000000E+000
394		0.50000			0.00037			-0.51668			0.000000E+000
395		0.50000			0.00037			-0.51668			0.000000E+000
396		0.50000			0.00037			-0.51668			0.000000E+000
397		0.50000			0.00037			-0.51668			0.000000E+000
398		0.50000			0.00037			-0.51668			0.000000E+000
399		0.50000			0.00037			-0.51668			0.000000E+000
400		0.50000			0.00037			-0.51668			0.000000E+000
401		0.50000			0.00037			-0.51668			0.000000E+000
402		0.50000			0.00037			-0.51668			0.000000E+000
403		0.50000			0.00037			-0.51668			0.000000E+000
404		0.50000			0.00037			-0.51668			0.000000E+000
405		0.50000			0.00037			-0.51668			0.000000E+000
406		0.50000			0.00037			-0.51668			0.000000E+000
407		0.50000			0.00037			-0.51668			0.000000E+000
408		0.50000			0.00037			-0.51668			0.000000E+000
409		0.50000			0.00037			-0.51668			0.000000E+000
410		0.50000			0.00037			-0.51668			0.000000E+000
411		0.50000			0.00037			-0.51668			0.000000E+000
412		0.50000			0.00037			-0.51668			0.000000E+000
413		0.50000			0.00037			-0.51668			0.000000E+000
414		0.50000			0.00037			-0.51668			0.000000E+000
415		0.50000			0.00037			-0.51668			0.000000E+000
416		0.50000			0.00037			-0.51668			0.000000E+000
417		0.50000			0.00037			-0.51668			0.000000E+000
418		0.50000			0.00037			-0.51668			0.000000E+000
419		0.50000			0.00037			-0.51668			0.000000E+000
420		0.50000			0.00037			-0.51668			0.000000E+000
421		0.50000			0.00037			-0.51668			0.000000E+000
422		0.50000			0.00037			-0.51668			0.000000E+000
423		0.50000			0.00037			-0.51668			0.000000E+000
424		0.50000			0.00037			-0.51668			0.000000E+000
425		0.50000			0.00037			-0.51668			0.000000E+000
426		0.50000			0.00037			-0.51668			0.000000E+000
427		0.50000			0.00037			-0.51668			0.000000E+000
428		0.50000			0.00037			-0.51668			0.000000E+000
429		0.50000			0.00037			-0.51668			0.000000E+000
430		0.50000			0.00037			-0.51668			0.000000E+000
431		0.50000			0.00037			-0.51668			0.000000E+000
432		0.50000			0.00037			-0.51668			0.000000E+000
433		0.50000			0.00037			-0.51668			0.000000E+000
434		0.50000			0.00037			-0.51668			0.000000E+000
435		0.50000			0.00037			-0.51668			0.000000E+000
436		0.50000			0.00037			-0.51668			0.000000E+000
437		0.50000			0.00037			-0.51668			0.000000E+000
438		0.50000			0.00037			-0.51668			0.000000E+000
439		0.50000			0.00037			-0.51668			0.000000E+000
440		0.50000			0.00037			-0.51668			0.000000E+000
441		0.50000			0.00037			-0.51668			0.000000E+000
442		0.50000			0.00037			-0.51668			0.000000E+000
443		0.50000			0.00037			-0.51668			0.000000E+000
444		0.50000			0.00037			-0.51668			0.000000E+000
445		0.50000			0.00037			-0.51668			0.000000E+000
446		0.50000			0.00037			-0.51668			0.000000E+000
447		0.50000			0.00037			-0.51668			0.000000E+000
448		0.50000			0.00037			-0.51668			0.000000E+000
449		0.50000			0.00037			-0.51668			0.000000E+000
450		0.50000			0.00037			-0.51668			0.000000E+000
451		0.50000			0.00037			-0.51668			0.000000E+000
452		0.50000			0.00037			-0.51668			0.000000E+000
453		0.50000			0.00037			-0.51668			0.000000E+000
454		0.50000			0.00037			-0.51668			0.000000E+000
455		0.50000			0.00037			-0.51668			0.000000E+000
456		0.50000			0.00037			-0.51668			0.000000E+000
457		0.50000			0.00037			-0.51668			0.000000E+000
458		0.50000			0.00037			-0.51668			0.000000E+000
459		0.50000			0.00037			-0.51668			0.000000E+000
460		0.50000			0.00037			-0.51668			0.000000E+000
461		0.50000			0.00037			-0.51668			0.000000E+000
462		0.50000			0.00037			-0.51668			0.000000E+000
463		0.50000			0.00037			-0.51668			0.000000E+000
464		0.50000			0.00037			-0.51668			0.000000E+000
465		0.50000			0.00037			-0.51668			0.000000E+000
466		0.50000			0.00037			-0.51668			0.000000E+000
467		0.50000			0.00037			-0.51668			0.000000E+000
468		0.50000			0.00037			-0.51668			0.000000E+000
469		0.50000			0.00037			-0.51668			0.000000E+000
470		0.50000			0.00037			-0.51668			0.000000E+000
471		0.50000			0.00037			-0.51668			0.000000E+000
472		0.50000			0.00037			-0.51668			0.000000E+000
473		0.50000			0.00037			-0.51668			0.000000E+000
474		0.50000			0.00037			-0.51668			0.000000E+000
475		0.50000			0.00037			-0.51668			0.000000E+000
476		0.50000			0.00037			-0.51668			0.000000E+000
477		0.50000			0.00037			-0.51668			0.000000E+000
478		0.50000			0.00037			-0.51668			0.000000E+000
479		0.50000			0.00037			-0.51668			0.000000E+000
480		0.50000			0.00037			-0.51668			0.000000E+000
481		0.50000			0.00037			-0.51668			0.000000E+000
482		0.50000			0.00037			-0.51668			0.000000E+000
483		0.50000			0.00037			-0.51668			0.000000E+000
484		0.50000			0.00037			-0.51668			0.000000E+000
485		0.50000			0.00037			-0.51668			0.000000E+000
486		0.50000			0.00037			-0.51668			0.000000E+000
487		0.50000			0.00037			-0.51668			0.000000E+000
488		0.50000			0.00037			-0.51668			0.000000E+000
489		0.50000			0.00037			-0.51668			0.000000E+000
490		0.50000			0.00037			-0.51668			0.000000E+000
491		0.50000			0.00037			-0.51668			0.000000E+000
492		0.50000			0.00037			-0.51668			0.000000E+000
493		0.50000			0.00037			-0.51668			0.000000E+000
494		0.50000			0.00037			-0.51668			0.000000E+000
495		0.50000			0.00037			-0.51668			0.000000E+000
496		0.50000			0.00037			-0.51668			0.000000E+000
497		0.50000			0.00037			-0.51668			0.000000E+000
498		0.50000			0.00037			-0.51668			0.000000E+000
499		0.50000			0.00037			-0.51668			0.000000E+000
500		0.50000			0.00037			-0.51668			0.000000E+000
501		0.50000			0.00037			-0.51668			0.000000E+000
502		0.50000			0.00037			-0.51668			0.000000E+000
503		0.50000			0.00037			-0.51668			0.000000E+000
504		0.50000			0.00037			-0.51668			0.000000E+000
505		0.50000			0.00037			-0.51668			0.000000E+000
506		0.50000			0.00037			-0.51668			0.000000E+000
507		0.50000			0.00037			-0.51668			0.000000E+000
508		0.50000			0.00037			-0.51668			0.000000E+000
509		0.50000			0.00037			-0.51668			0.000000E+000
510		0.50000			0.00037			-0.51668			0.000000E+000
511		0.50000			0.00037			-0.51668			0.000000E+000
512		0.50000			0.00037			-0.51668			0.000000E+000
513		0.50000			0.00037			-0.51668			0.000000E+000
514		0.50000			0.00037			-0.51668			0.000000E+000
515		0.50000			0.00037			-0.51668			0.000000E+000
516		0.50000			0.00037			-0.51668			0.000000E+000
517		0.50000			0.00037			-0.51668			0.000000E+000
518		0.50000			0.00037			-0.51668			0.000000E+000
519		0.50000			0.00037			-0.51668			0.000000E+000
520		0.50000			0.00037			-0.51668			0.000000E+000
521		0.50000			0.00037			-0.51668			0.000000E+000
522		0.50000			0.00037			-0.51668			0.000000E+000
523		0.50000			0.00037			-0.51668			0.000000E+000
524		0.50000			0.00037			-0.51668			0.000000E+000
525		0.50000			0.00037			-0.51668			0.000000E+000
526		0.50000			0.00037			-0.51668			0.000000E+000
527		0.50000			0.00037			-0.51668			0.000000E+000
528		0.50000			0.00037			-0.51668			0.000000E+000
529		0.50000			0.00037			-0.51668			0.000000E+000
530		0.50000			0.00037			-0.51668			0.000000E+000
531		0.50000			0.00037			-0.51668			0.000000E+000
532		0.50000			0.00037			-0.51668			0.000000E+000
533		0.50000			0.00037			-0.51668			0.000000E+000
534		0.50000			0.00037			-0.51668			0.000000E+000
535		0.50000			0.00037			-0.51668			0.000000E+000
536		0.50000			0.00037			-0.51668			0.000000E+000
537		0.50000			0.00037			-0.51668			0.000000E+000
538		0.50000			0.00037			-0.51668			0.000000E+000
539		0.50000			0.00037			-0.51668			0.000000E+000
540		0.50000			0.00037			-0.51668			0.000000E+000
541		0.50000			0.00037			-0.51668			0.000000E+000
542		0.50000			0.00037			-0.51668			0.000000E+000
543		0.50000			0.00037			-0.51668			0.000000E+000
544		0.50000			0.00037			-0.51668			0.000000E+000
545		0.50000			0.00037			-0.51668			0.000000E+000
546		0.50000			0.00037			-0.51668			0.000000E+000
547		0.50000			0.00037			-0.51668			0.000000E+000
548		0.50000			0.00037			-0.51668			0.000000E+000
549		0.50000			0.00037			-0.51668			0.000000E+000
550		0.50000			0.00037			-0.51668			0.000000E+000
551		0.50000			0.00037			-0.51668			0.000000E+000
552		0.50000			0.00037			-0.51668			0.000000E+000
553		0.50000			0.00037			-0.51668			0.000000E+000
554		0.50000			0.00037			-0.51668			0.000000E+000
555		0.50000			0.00037			-0.51668			0.000000E+000
556		0.50000			0.00037			-0.51668			0.000000E+000
557		0.50000			0.00037			-0.51668			0.000000E+000
558		0.50000			0.00037			-0.51668			0.000000E+000
559		0.50000			0.00037			-0.51668			0.000000E+000
560		0.50000			0.00037			-0.51668			0.000000E+000
561		0.50000			0.00037			-0.51668			0.000000E+000
562		0.50000			0.00037			-0.51668			0.000000E+000
563		0.50000			0.00037			-0.51668			0.000000E+000
564		0.50000			0.00037			-0.51668			0.000000E+000
565		0.50000			0.00037			-0.51668			0.000000E+000
566		0.50000			0.00037			-0.51668			0.000000E+000
567		0.50000			0.00037			-0.51668			0.000000E+000
568		0.50000			0.00037			-0.51668			0.000000E+000
569		0.50000			0.00037			-0.51668			0.000000E+000
570		0.50000			0.00037			-0.51668			0.000000E+000
571		0.50000			0.00037			-0.51668			0.000000E+000
572		0.50000			0.00037			-0.51668			0.000000E+000
573		0.50000			0.00037			-0.51668			0.000000E+000
574		0.50000			0.00037			-0.51668			0.000000E+000
575		0.50000			0.00037			-0.51668			0.000000E+000
576		0.50000			0.00037			-0.51668			0.000000E+000
577		0.50000			0.00037			-0.51668			0.000000E+000
578		0.50000			0.00037			-0.51668			0.000000E+000
579		0.50000			0.00037			-0.51668			0.000000E+000
580		0.50000			0.00037			-0.51668			0.000000E+000
581		0.50000			0.00037			-0.51668			0.000000E+000
582		0.50000			0.00037			-0.51668			0.000000E+000
583		0.50000			0.00037			-0.51668			0.000000E+000
584		0.50000			0.00037			-0.51668			0.000000E+000
585		0.50000			0.00037			-0.51668			0.000000E+000
586		0.50000			0.00037			-0.51668			0.000000E+000
587		0.50000			0.00037			-0.51668			0.000000E+000
588		0.50000			0.00037			-0.51668			0.000000E+000
589		0.50000			0.00037			-0.51668			0.000000E+000
590		0.50000			0.00037			-0.51668			0.000000E+000
591		0.50000			0.00037			-0.51668			0.000000E+000
592		0.50000			0.00037			-0.51668			0.000000E+000
593		0.50000			0.00037			-0.51668			0.000000E+000
594		0.50000			0.00037			-0.51668			0.000000E+000
595		0.50000			0.00037			-0.51668			0.000000E+000
596		0.50000			0.00037			-0.51668			0.000000E+000
597		0.50000			0.00037			-0.51668			0.000000E+000
598		0.50000			0.00037			-0.51668			0.000000E+000
599		0.50000			0.00037			-0.51668			0.000000E+000
600		0.50000			0.00037			-0.51668			0.000000E+000
601		0.50000			0.00037			-0.51668			0.000000E+000
602		0.50000			0.00037			-0.51668			0.000000E+000
603		0.50000			0.00037			-0.51668			0.000000E+000
604		0.50000			0.00037			-0.51668			0.000000E+000
605		0.50000			0.00037			-0.51668			0.000000E+000
606		0.50000			0.00037			-0.51668			0.000000E+000
607		0.50000			0.00037			-0.51668			0.000000E+000
608		0.50000			0.00037			-0.51668			0.000000E+000
609		0.50000			0.00037			-0.51668			0.000000E+000
610		0.50000			0.00037			-0.51668			0.000000E+000
611		0.50000			0.00037			-0.51668			0.000000E+000
612		0.50000			0.00037			-0.51668			0.000000E+000
613		0.50000			0.00037			-0.51668			0.000000E+000
614		0.50000			0.00037			-0.51668			0.000000E+000
615		0.50000			0.00037			-0.51668			0.000000E+000
616		0.50000			0.00037			-0.51668			0.000000E+000
617		0.50000			0.00037			-0.51668			0.000000E+000
618		0.50000			0.00037			-0.51668			0.000000E+000
619		0.50000			0.00037			-0.51668			0.000000E+000
620		0.50000			0.00037			-0.51668			0.000000E+000
621		0.50000			0.00037			-0.51668			0.000000E+000
622		0.50000			0.00037			-0.51668			0.000000E+000
623		0.50000			0.00037			-0.51668			0.000000E+000
624		0.50000			0.00037			-0.51668			0.000000E+000
625		0.50000			0.00037			-0.51668			0.000000E+000
626		0.50000			0.00037			-0.51668			0.000000E+000
627		0.50000			0.00037			-0.51668			0.000000E+000
628		0.50000			0.00037			-0.51668			0.000000E+000
629		0.50000			0.00037			-0.51668			0.000000E+000
630		0.50000			0.00037			-0.51668			0.000000E+000
631		0.50000			0.00037			-0.51668			0.000000E+000
632		0.50000			0.00037			-0.51668			0.000000E+000
633		0.50000			0.00037			-0.51668			0.000000E+000
634		0.50000			0.00037			-0.51668			0.000000E+000
635		0.50000			0.00037			-0.51668			0.000000E+000
636		0.50000			0.00037			-0.51668			0.000000E+000
637		0.50000			0.00037			-0.51668			0.000000E+000
638		0.50000			0.00037			-0.51668			0.000000E+000
639		0.50000			0.00037			-0.51668			0.000000E+000
640		0.50000			0.00037			-0.51668			0.000000E+000
641		0.50000			0.00037			-0.51668			0.000000E+000
642		0.50000			0.00037			-0.51668			0.000000E+000
643		0.50000			0.00037			-0.51668			0.000000E+000
644		0.50000			0.00037			-0.51668			0.000000E+000
645		0.50000			0.00037			-0.51668			0.000000E+000
646		0.50000			0.00037			-0.51668			0.000000E+000
647		0.50000			0.00037			-0.51668			0.000000E+000
648		0.50000			0.00037			-0.51668			0.000000E+000
649		0.50000			0.00037			-0.51668			0.000000E+000
650		0.50000			0.00037			-0.51668			0.000000E+000
651		0.50000			0.00037			-0.51668			0.000000E+000
652		0.50000			0.00037			-0.51668			0.000000E+000
653		0.50000			0.00037			-0.51668			0.000000E+000
654		0.50000			0.00037			-0.51668			0.000000E+000
655		0.50000			0.00037			-0.51668			0.000000E+000
656		0.50000			0.00037			-0.51668			0.000000E+000
657		0.50000			0.00037			-0.51668			0.000000E+000
658		0.50000			0.00037			-0.51668			0.000000E+000
659		0.50000			0.00037			-0.51668			0.000000E+000
660		0.50000			0.00037			-0.51668			0.000000E+000
661		0.50000			0.00037			-0.51668			0.000000E+000
662		0.50000			0.00037			-0.51668			0.000000E+000
663		0.50000			0.00037			-0.51668			0.000000E+000
664		0.50000			0.00037			-0.51668			0.000000E+000
665		0.50000			0.00037			-0.51668			0.000000E+000
666		0.50000			0.00037			-0.51668			0.000000E+000
667		0.50000			0.00037			-0.51668			0.000000E+000
668		0.50000			0.00037			-0.51668			0.000000E+000
669		0.50000			0.00037			-0.51668			0.000000E+000
670		0.50000			0.00037			-0.51668			0.000000E+000
671		0.50000			0.00037			-0.51668			0.000000E+000
672		0.50000			0.00037			-0.51668			0.000000E+000
673		0.50000			0.00037			-0.51668			0.000000E+000
674		0.50000			0.00037			-0.51668			0.000000E+000
675		0.50000			0.00037			-0.51668			0.000000E+000
676		0.50000			0.00037			-0.51668			0.000000E+000
677		0.50000			0.00037			-0.51668			0.000000E+000
678		0.50000			0.00037			-0.51668			0.000000E+000
679		0.50000			0.00037			-0.51668			0.000000E+000
680		0.50000			0.00037			-0.51668			0.000000E+000
681		0.50000			0.00037			-0.51668			0.000000E+000
682		0.50000			0.00037			-0.51668			0.000000E+000
683		0.50000			0.00037			-0.51668			0.000000E+000
684		0.50000			0.00037			-0.51668			0.000000E+000
685		0.50000			0.00037			-0.51668			0.000000E+000
686		0.50000			0.00037			-0.51668			0.000000E+000
687		0.50000			0.00037			-0.51668			0.000000E+000
688		0.50000			0.00037			-0.51668			0.000000E+000
689		0.50000			0.00037			-0.51668			0.000000E+000
690		0.50000			0.00037			-0.51668			0.000000E+000
691		0.50000			0.00037			-0.51668			0.000000E+000
692		0.50000			0.00037			-0.51668			0.000000E+000
693		0.50000			0.00037			-0.51668			0.000000E+000
694		0.50000			0.00037			-0.51668			0.000000E+000
695		0.50000			0.00037			-0.51668			0.000000E+000
696		0.50000			0.00037			-0.51668			0.000000E+000
697		0.50000			0.00037			-0.51668			0.000000E+000
698		0.50000			0.00037			-0.51668			0.000000E+000
699		0.50000			0.00037			-0.51668			0.000000E+000
700		0.50000			0.00037			-0.51668			0.000000E+000
701		0.50000			0.00037			-0.51668			0.000000E+000
702		0.50000			0.00037			-0.51668			0.000000E+000
703		0.50000			0.00037			-0.51668			0.000000E+000
704		0.50000			0.00037			-0.51668			0.000000E+000
705		0.50000			0.00037			-0.51668			0.000000E+000
706		0.50000			0.00037			-0.51668			0.000000E+000
707		0.50000			0.00037			-0.51668			0.000000E+000
708		0.50000			0.00037			-0.51668			0.000000E+000
709		0.50000			0.00037			-0.51668			0.000000E+000
710		0.50000			0.00037			-0.51668			0.000000E+000
711		0.50000			0.00037			-0.51668			0.000000E+000
712		0.50000			0.00037			-0.51668			0.000000E+000
713		0.50000			0.00037			-0.51668			0.000000E+000
714		0.50000			0.00037			-0.51668			0.000000E+000
715		0.50000			0.00037			-0.51668			0.000000E+000
716		0.50000			0.00037			-0.51668			0.000000E+000
717		0.50000			0.00037			-0.51668			0.000000E+000
718		0.50000			0.00037			-0.51668			0.000000E+000
719		0.50000			0.00037			-0.51668			0.000000E+000
720		0.50000			0.00037			-0.51668			0.000000E+000
721		0.50000			0.00037			-0.51668			0.000000E+000
722		0.50000			0.00037			-0.51668			0.000000E+000
723		0.50000			0.00037			-0.51668			0.000000E+000
724		0.50000			0.00037			-0.51668			0.000000E+000
725		0.50000			0.00037			-0.51668			0.000000E+000
726		0.50000			0.00037			-0.51668			0.000000E+000
727		0.50000			0.00037			-0.51668			0.000000E+000
728		0.50000			0.00037			-0.51668			0.000000E+000
729		0.50000			0.00037			-0.51668			0.000000E+000
730		0.50000			0.00037			-0.51668			0.000000E+000
731		0.50000			0.00037			-0.51668			0.000000E+000
732		0.50000			0.00037			-0.51668			0.000000E+000
733		0.50000			0.00037			-0.51668			0.000000E+000
734		0.50000			0.00037			-0.51668			0.000000E+000
735		0.50000			0.00037			-0.51668			0.000000E+000
736		0.50000			0.00037			-0.51668			0.000000E+000
737		0.50000			0.00037			-0.51668			0.000000E+000
738		0.50000			0.00037			-0.51668			0.000000E+000
739		0.50000			0.00037			-0.51668			0.000000E+000
740		0.50000			0.00037			-0.51668			0.000000E+000
741		0.50000			0.00037			-0.51668			0.000000E+000
742		0.50000			0.00037			-0.51668			0.000000E+000
743		0.50000			0.00037			-0.51668			0.000000E+000
744		0.50000			0.00037			-0.51668			0.000000E+000
745		0.50000			0.00037			-0.51668			0.000000E+000
746		0.50000			0.00037			-0.51668			0.000000E+000
747		0.50000			0.00037			-0.51668			0.000000E+000
748		0.50000			0.00037			-0.51668			0.000000E+000
749		0.50000			0.00037			-0.51668			0.000000E+000
750		0.50000			0.00037			-0.51668			0.000000E+000
751		0.50000			0.00037			-0.51668			0.000000E+000
752		0.50000			0.00037			-0.51668			0.000000E+000
753		0.50000			0.00037			-0.51668			0.000000E+000
754		0.50000			0.00037			-0.51668			0.000000E+000
755		0.50000			0.00037			-0.51668			0.000000E+000
756		0.50000			0.00037			-0.51668			0.000000E+000
757		0.50000			0.00037			-0.51668			0.000000E+000
758		0.50000			0.00037			-0.51668			0.000000E+000
759		0.50000			0.00037			-0.51668			0.000000E+000
760		0.50000			0.00037			-0.51668			0.000000E+000
761		0.50000			0.00037			-0.51668			0.000000E+000
762		0.50000			0.00037			-0.51668			0.000000E+000
763		0.50000			0.00037			-0.51668			0.000000E+000
764		0.50000			0.00037			-0.51668			0.000000E+000
765		0.50000			0.00037			-0.51668			0.000000E+000
766		0.50000			0.00037			-0.51668			0.000000E+000
767		0.50000			0.00037			-0.51668			0.000000E+000
768		0.50000			0.00037			-0.51668			0.000000E+000
769		0.50000			0.00037			-0.51668			0.000000E+000
770		0.50000			0.00037			-0.51668			0.000000E+000
771		0.50000			0.00037			-0.51668			0.000000E+000
772		0.50000			0.00037			-0.51668			0.000000E+000
773		0.50000			0.00037			-0.51668			0.000000E+000
774		0.50000			0.00037			-0.51668			0.000000E+000
775		0.50000			0.00037			-0.51668			0.000000E+000
776		0.50000			0.00037			-0.51668			0.000000E+000
777		0.50000			0.00037			-0.51668			0.000000E+000
778		0.50000			0.00037			-0.51668			0.000000E+000
779		0.50000			0.00037			-0.51668			0.000000E+000
780		0.50000			0.00037			-0.51668			0.000000E+000
781		0.50000			0.00037			-0.51668			0.000000E+000
782		0.50000			0.00037			-0.51668			0.000000E+000
783		0.50000			0.00037			-0.51668			0.000000E+000
784		0.50000			0.00037			-0.51668			0.000000E+000
785		0.50000			0.00037			-0.51668			0.000000E+000
786		0.50000			0.00037			-0.51668			0.000000E+000
787		0.50000			0.00037			-0.51668			0.000000E+000
788		0.50000			0.00037			-0.51668			0.000000E+000
789		0.50000			0.00037			-0.51668			0.000000E+000
790		0.50000			0.00037			-0.51668			0.000000E+000
791		0.50000			0.00037			-0.51668			0.000000E+000
792		0.50000			0.00037			-0.51668			0.000000E+000
793		0.50000			0.00037			-0.51668			0.000000E+000
794		0.50000			0.00037			-0.51668			0.000000E+000
795		0.50000			0.00037			-0.51668			0.000000E+000
796		0.50000			0.00037			-0.51668			0.000000E+000
797		0.50000			0.00037			-0.51668			0.000000E+000
798		0.50000			0.00037			-0.51668			0.000000E+000
799		0.50000			0.00037			-0.51668			0.000000E+000
800		0.50000			0.00037			-0.51668			0.000000E+000
801		0.50000			0.00037			-0.51668			0.000000E+000
802		0.50000			0.00037			-0.51668			0.000000E+000
803		0.50000			0.00037			-0.51668			0.000000E+000
804		0.50000			0.00037			-0.51668			0.000000E+000
805		0.50000			0.00037			-0.51668			0.000000E+000
806		0.50000			0.00037			-0.51668			0.000000E+000
807		0.50000			0.00037			-0.51668			0.000000E+000
808		0.50000			0.00037			-0.51668			0.000000E+000
809		0.50000			0.00037			-0.51668			0.000000E+000
810		0.50000			0.00037			-0.51668			0.000000E+000
811		0.50000			0.00037			-0.51668			0.000000E+000
812		0.50000			0.00037			-0.51668			0.000000E+000
813		0.50000			0.00037			-0.51668			0.000000E+000
814		0.50000			0.00037			-0.51668			0.000000E+000
815		0.50000			0.00037			-0.51668			0.000000E+000
816		0.50000			0.00037			-0.51668			0.000000E+000
817		0.50000			0.00037			-0.51668			0.000000E+000
818		0.50000			0.00037			-0.51668			0.000000E+000
819		0.50000			0.00037			-0.51668			0.000000E+000
820		0.50000			0.00037			-0.51668			0.000000E+000
821		0.50000			0.00037			-0.51668			0.000000E+000
822		0.50000			0.00037			-0.51668			0.000000E+000
823		0.50000			0.00037			-0.51668			0.000000E+000
824		0.50000			0.00037			-0.51668			0.000000E+000
825		0.50000			0.00037			-0.51668			0.000000E+000
826		0.50000			0.00037			-0.51668			0.000000E+000
827		0.50000			0.00037			-0.51668			0.000000E+000
828		0.50000			0.00037			-0.51668			0.000000E+000
829		0.50000			0.00037			-0.51668			0.000000E+000
830		0.50000			0.00037			-0.51668			0.000000E+000
831		0.50000			0.00037			-0.51668			0.000000E+000
832		0.50000			0.00037			-0.51668			0.000000E+000
833		0.50000			0.00037			-0.51668			0.000000E+000
834		0.50000			0.00037			-0.51668			0.000000E+000
835		0.50000			0.00037			-0.51668			0.000000E+000
836		0.50000			0.00037			-0.51668			0.000000E+000
837		0.50000			0.00037			-0.51668			0.000000E+000
838		0.50000			0.00037			-0.51668			0.000000E+000
839		0.50000			0.00037			-0.51668			0.000000E+000
840		0.50000			0.00037			-0.51668			0.000000E+000
841		0.50000			0.00037			-0.51668			0.000000E+000
842		0.50000			0.00037			-0.51668			0.000000E+000
843		0.50000			0.00037			-0.51668			0.000000E+000
844		0.50000			0.00037			-0.51668			0.000000E+000
845		0.50000			0.00037			-0.51668			0.000000E+000
846		0.50000			0.00037			-0.51668			0.000000E+000
847		0.50000			0.00037			-0.51668			0.000000E+000
848		0.50000			0.00037			-0.51668			0.000000E+000
849		0.50000			0.00037			-0.51668			0.000000E+000
850		0.50000			0.00037			-0.51668			0.000000E+000
851		0.50000			0.00037			-0.51668			0.000000E+000
852		0.50000			0.00037			-0.51668			0.000000E+000
853		0.50000			0.00037			-0.51668			0.000000E+000
854		0.50000			0.00037			-0.51668			0.000000E+000
855		0.50000			0.00037			-0.51668			0.000000E+000
856		0.50000			0.00037			-0.51668			0.000000E+000
857		0.50000			0.00037			-0.51668			0.000000E+000
858		0.50000			0.00037			-0.51668			0.000000E+000
859		0.50000			0.00037			-0.51668			0.000000E+000
860		0.50000			0.00037			-0.51668			0.000000E+000
861		0.50000			0.00037			-0.51668			0.000000E+000
862		0.50000			0.00037			-0.51668			0.000000E+000
863		0.50000			0.00037			-0.51668			0.000000E+000
864		0.50000			0.00037			-0.51668			0.000000E+000
865		0.50000			0.00037			-0.51668			0.000000E+000
866		0.50000			0.00037			-0.51668			0.000000E+000
867		0.50000			0.00037			-0.51668			0.000000E+000
868		0.50000			0.00037			-0.51668			0.000000E+000
869		0.50000			0.00037			-0.51668			0.000000E+000
870		0.50000			0.00037			-0.51668			0.000000E+000
871		0.50000			0.00037			-0.51668			0.000000E+000
872		0.50000			0.00037			-0.51668			0.000000E+000
873		0.50000			0.00037			-0.51668			0.000000E+000
874		0.50000			0.00037			-0.51668			0.000000E+000
875		0.50000			0.00037			-0.51668			0.000000E+000
876		0.50000			0.00037			-0.51668			0.000000E+000
877		0.50000			0.00037			-0.51668			0.000000E+000
878		0.50000			0.00037			-0.51668			0.000000E+000
879		0.50000			0.00037			-0.51668			0.000000E+000
880		0.50000			0.00037			-0.51668			0.000000E+000
881		0.50000			0.00037			-0.51668			0.000000E+000
882		0.50000			0.00037			-0.51668			0.000000E+000
883		0.50000			0.00037			-0.51668			0.000000E+000
884		0.50000			0.00037			-0.51668			0.000000E+000
885		0.50000			0.00037			-0.51668			0.000000E+000
886		0.50000			0.00037			-0.51668			0.000000E+000
887		0.50000			0.00037			-0.51668			0.000000E+000
888		0.50000			0.00037			-0.51668			0.000000E+000
889		0.50000			0.00037			-0.51668			0.000000E+000
890		0.50000			0.00037			-0.51668			0.000000E+000
891		0.50000			0.00037			-0.51668			0.000000E+000
892		0.50000			0.00037			-0.51668			0.000000E+000
893		0.50000			0.00037			-0.51668			0.000000E+000
894		0.50000			0.00037			-0.51668			0.000000E+000
895		0.50000			0.00037			-0.51668			0.000000E+000
896		0.50000			0.00037			-0.51668			0.000000E+000
897		0.50000			0.00037			-0.51668			0.000000E+000
898		0.50000			0.00037			-0.51668			0.000000E+000
899		0.50000			0.00037			-0.51668			0.000000E+000
900		0.50000			0.00037			-0.51668			0.000000E+000
901		0.50000			0.00037			-0.51668			0.000000E+000
902		0.50000			0.00037			-0.51668			0.000000E+000
903		0.50000			0.00037			-0.51668			0.000000E+000
904		0.50000			0.00037			-0.51668			0.000000E+000
905		0.50000			0.00037			-0.51668			0.000000E+000
906		0.50000			0.00037			-0.51668			0.000000E+000
907		0.50000			0.00037			-0.51668			0.000000E+000
908		0.50000			0.00037			-0.51668			0.000000E+000
909		0.50000			0.00037			-0.51668			0.000000E+000
910		0.50000			0.00037			-0.51668			0.000000E+000
911		0.50000			0.00037			-0.51668			0.000000E+000
912		0.50000			0.00037			-0.51668			0.000000E+000
913		0.50000			0.00037			-0.51668			0.000000E+000
914		0.50000			0.00037			-0.51668			0.000000E+000
915		0.50000			0.00037			-0.51668			0.000000E+000
916		0.50000			0.00037			-0.51668			0.000000E+000
917		0.50000			0.00037			-0.51668			0.000000E+000
918		0.50000			0.00037			-0.51668			0.000000E+000
919		0.50000			0.00037			-0.51668			0.000000E+000
920		0.50000			0.00037			-0.51668			0.000000E+000
921		0.50000			0.00037			-0.51668			0.000000E+000
922		0.50000			0.00037			-0.51668			0.000000E+000
923		0.50000			0.00037			-0.51668			0.000000E+000
924		0.50000			0.00037			-0.51668			0.000000E+000
925		0.50000			0.00037			-0.51668			0.000000E+000
926		0.50000			0.00037			-0.51668			0.000000E+000
927		0.50000			0.00037			-0.51668			0.000000E+000
928		0.50000			0.00037			-0.51668			0.000000E+000
929		0.50000			0.00037			-0.51668			0.000000E+000
930		0.50000			0.00037			-0.51668			0.000000E+000
931		0.50000			0.00037			-0.51668			0.000000E+000
932		0.50000			0.00037			-0.51668			0.000000E+000
933		0.50000			0.00037			-0.51668			0.000000E+000
934		0.50000			0.00037			-0.51668			0.000000E+000
935		0.50000			0.00037			-0.51668			0.000000E+000
936		0.50000			0.00037			-0.51668			0.000000E+000
937		0.50000			0.00037			-0.51668			0.000000E+000
938		0.50000			0.00037			-0.51668			0.000000E+000
939		0.50000			0.00037			-0.51668			0.000000E+000
940		0.50000			0.00037			-0.51668			0.000000E+000
941		0.50000			0.00037			-0.51668			0.000000E+000
942		0.50000			0.00037			-0.51668			0.000000E+000
943		0.50000			0.00037			-0.51668			0.000000E+000
944		0.50000			0.00037			-0.51668			0.000000E+000
945		0.50000			0.00037			-0.51668			0.000000E+000
946		0.50000			0.00037			-0.51668			0.000000E+000
947		0.50000			0.00037			-0.51668			0.000000E+000
948		0.50000			0.00037			-0.51668			0.000000E+000
949		0.50000			0.00037			-0.51668			0.000000E+000
950		0.50000			0.00037			-0.51668			0.000000E+000
951		0.50000			0.00037			-0.51668			0.000000E+000
952		0.50000			0.00037			-0.51668			0.000000E+000
953		0.50000			0.00037			-0.51668			0.000000E+000
954		0.50000			0.00037			-0.51668			0.000000E+000
955		0.50000			0.00037			-0.51668			0.000000E+000
956		0.50000			0.00037			-0.51668			0.000000E+000
957		0.50000			0.00037			-0.51668			0.000000E+000
958		0.50000			0.00037			-0.51668			0.000000E+000
959		0.50000			0.00037			-0.51668			0.000000E+000
960		0.50000			0.00037			-0.51668			0.000000E+000
961		0.50000			0.00037			-0.51668			0.000000E+000
962		0.50000			0.00037			-0.51668			0.000000E+000
963		0.50000			0.00037			-0.51668			0.000000E+000
964		0.50000			0.00037			-0.51668			0.000000E+000
965		0.50000			0.00037			-0.51668			0.000000E+000
966		0.50000			0.00037			-0.51668			0.000000E+000
967		0.50000			0.00037			-0.51668			0.000000E+000
968		0.50000			0.00037			-0.51668			0.000000E+000
969		0.50000			0.00037			-0.51668			0.000000E+000
970		0.50000			0.00037			-0.51668			0.000000E+000
971		0.50000			0.00037			-0.51668			0.000000E+000
972		0.50000			0.00037			-0.51668			0.000000E+000
973		0.50000			0.00037			-0.51668			0.000000E+000
974		0.50000			0.00037			-0.51668			0.000000E+000
975		0.50000			0.00037			-0.51668			0.000000E+000
976		0.50000			0.00037			-0.51668			0.000000E+000
977		0.50000			0.00037			-0.51668			0.000000E+000
978		0.50000			0.00037			-0.51668			0.000000E+000
979		0.50000			0.00037			-0.51668			0.000000E+000
980		0.50000			0.00037			-0.51668			0.000000E+000
981		0.50000			0.00037			-0.51668			0.000000E+000
982		0.50000			0.00037			-0.51668			0.000000E+000
983		0.50000			0.00037			-0.51668			0.000000E+000
984		0.50000			0.00037			-0.51668			0.000000E+000
985		0.50000			0.00037			-0.51668			0.000000E+000
986		0.50000			0.00037			-0.51668			0.000000E+000
987		0.50000			0.00037			-0.51668			0.000000E+000
988		0.50000			0.00037			-0.51668			0.000000E+000
989		0.50000			0.00037			-0.51668			0.000000E+000
990		0.50000			0.00037			-0.51668			0.000000E+000
991		0.50000			0.00037			-0.51668			0.000000E+000
992		0.50000			0.00037			-0.51668			0.000000E+000
993		0.50000			0.00037			-0.51668			0.000000E+000
994		0.50000			0.00037			-0.51668			0.000000E+000
995		0.50000			0.00037			-0.51668			0.000000E+000
996		0.50000			0.00037			-0.51668			0.000000E+000
997		0.50000			0.00037			-0.51668			0.000000E+000
998		0.50000			0.00037			-0.51668			0.000000E+000
999		0.50000			0.00037			-0.51668			0.000000E+000
